41 0.563585 6334
26500 0.585009 15724
11478 0.895962 26962
24464 0.174108 28145
23281 0.513535 9961
491 0.0914029 11942
4827 0.165899 32391
14604 0.119083 153
292 0.37788 17421
18716 0.601764 19895
5447 0.663045 14771
11538 0.0570391 19912
25667 0.802606 17035
9894 0.875973 23811
31322 0.925718 17673
4664 0.462081 7711
28253 0.209601 25547
27644 0.996796 32757
20037 0.392438 8723
9741 0.840144 778
12316 0.0926237 22190
1842 0.00878933 30106
9040 0.272896 19264
22648 0.837611 23805
15890 0.205359 24370
15350 0.457961 31101
24393 0.10828 19629
12623 0.735008 19954
18756 0.361339 4966
7376 0.425153 26308
16944 0.98999 24626
11323 0.168981 21538
16118 0.0635395 22929
16541 0.147496 31115
4639 0.905118 22704
9930 0.426557 2306
31673 0.683187 5021
28745 0.82168 19072
6270 0.177892 26777
15573 0.155553 16512
23986 0.405591 9161
18636 0.682241 24767
23655 0.475295 4031
12052 0.834681 1150
16941 0.662984 13966
3430 0.949339 30191
18007 0.345988 15457
12287 0.84698 10383
14945 0.271889 32209
9758 0.739189 18588
6422 0.761315 27506
13030 0.5009 29168
900 0.994629 18762
1655 0.531327 6359
27624 0.626759 21548
6483 0.842158 4041
3602 0.743126 10291
30836 0.286081 11020
4596 0.733085 27348
23199 0.600238 24484
8281 0.144475 53
1999 0.806238 27938
6900 0.115604 18127
467 0.113773 14893
24648 0.686148 17807
2421 0.43672 6617
22813 0.290353 14309
7616 0.577868 17451
20600 0.160192 16519
31556 0.695761 30303
6224 0.335948 5844
32609 0.457442 32702
3195 0.625172 3093
14343 0.931516 1587
29314 0.290017 7448
25200 0.410718 6618
20580 0.604144 14798
15281 0.597827 20798
28009 0.828791 20472
23622 0.565752 12292
6038 0.737907 18190
29657 0.242866 6191
19815 0.698508 19156
11511 0.494461 2634
24272 0.612049 20328
22646 0.804529 4886
18875 0.867733 29869
20142 0.727683 1416
21881 0.976531 10322
18651 0.305826 5699
3557 0.869045 27892
24389 0.154881 10712
2600 0.0766015 21003
26869 0.545091 14688
13401 0.298746 15255
16423 0.152654 10585
24182 0.313883 27088
31426 0.873348 23757
9832 0.943999 4169
2154 0.784967 17189
19976 0.956114 2368
28692 0.653859 10555
3434 0.505051 7441
9512 0.91998 18060
21718 0.114536 16139
12423 0.496811 25996
16687 0.382366 22549
17437 0.606281 12949
193 0.707877 3297
20416 0.863247 16105
24488 0.496902 12455
25734 0.552812 11701
31316 0.630848 5786
12263 0.131626 24355
31185 0.611988 912
10808 0.0559099 20945
4313 0.847072 28321
19558 0.721641 27982
481 0.126469 23196
20222 0.217566 2161
5535 0.624104 11173
10466 0.367565 21659
26292 0.806879 17253
20024 0.798181 29510
4745 0.630177 13186
8313 0.13654 28022
2168 0.427808 18787
9905 0.548051 7391
10202 0.11063 26477
4414 0.284249 25824
29334 0.789636 24372
20159 0.361126 28070
7487 0.863582 7518
8177 0.542405 32270
1763 0.0814234 17192
13985 0.0946684 8480
29213 0.232765 4802
4099 0.931639 2625
1543 0.0587176 11023
29972 0.398602 14181
31003 0.837184 17505
27593 0.693533 13031
8492 0.00433363 17222
31286 0.398694 7900
19187 0.255135 22413
30974 0.435499 29170
235 0.940977 19711
25760 0.576678 4667
7285 0.383007 140
13694 0.0822474 21624
28019 0.0648518 26576
21694 0.691488 26302
17371 0.685629 4678
22593 0.727897 25484
1018 0.868679 21119
23152 0.0854518 18087
31060 0.0587787 9010
4757 0.98178 20315
9576 0.922483 12043
22758 0.218635 5109
7882 0.521439 29565
3487 0.902646 14474
2625 0.782098 5629
31928 0.775872 28520
6902 0.456618 123
24596 0.114048 13261
10195 0.992615 1264
8260 0.189276 8116
5030 0.620319 29011
30771 0.195654 25547
21153 0.656758 29790
14924 0.921293 21763
4940 0.636341 18662
13829 0.943022 17713
18958 0.536454 8365
13007 0.350261 1200
26058 0.196509 2303
12760 0.590747 2324
6477 0.155889 21113
14887 0.604297 22850
14460 0.684469 12993
27384 0.592212 6540
31111 0.876003 12835
32356 0.185308 29350
18823 0.442061 20556
23216 0.0496231 9357
8526 0.407636 29337
23271 0.728446 29361
12896 0.397412 29617
10112 0.388104 18696
11585 0.733696 24423
24129 0.739433 4565
6559 0.272591 22296
29855 0.36784 16962
3584 0.907437 6654
16972 0.654836 14369
22532 0.0904263 2607
2483 0.0278024 11635
10067 0.697287 4675
12938 0.0678426 22142
23754 0.198706 22741
20175 0.654897 17825
3221 0.545366 1626
31934 0.464034 31783
23850 0.530961 22279
22701 0.372112 12734
1637 0.809778 5556
1993 0.310556 25705
6962 0.321909 15881
300 0.439863 16641
19855 0.758538 13142
11462 0.842647 30877
20424 0.997284 1752
18443 0.863552 12673
10040 0.284219 875
20072 0.391186 610
1017 0.455702 28112
30695 0.401898 23831
20040 0.808374 28685
19090 0.595019 2589
25990 0.462203 19353
19314 0.569201 26740
22044 0.343577 335
8759 0.341563 7605
25264 0.371746 28503
3829 0.725578 20608
29292 0.18302 17549
29556 0.780084 31627
6467 0.901547 26129
31240 0.848811 29174
20601 0.185461 20215
8683 0.250649 23992
25824 0.170934 23392
15759 0.0814844 26428
28027 0.124638 10075
18786 0.472976 24970
6287 0.727775 32604
503 0.647633 22663
5706 0.0721152 9010
22171 0.838923 18240
12164 0.779504 7619
20913 0.231666 6704
31818 0.281747 750
25205 0.15183 1539
303 0.348582 21098
11247 0.414563 13648
2971 0.545183 22913
11075 0.657521 28712
17546 0.570025 1769
15262 0.259987 13985
28289 0.486587 2865
18540 0.709403 25508
28318 0.850551 9601
28323 0.644917 24472
27152 0.765618 28570
29763 0.912534 17103
14423 0.107639 11600
26969 0.427717 5565
28 0.65746 25347
2088 0.089816 12637
22409 0.807611 5049
4681 0.0484634 11342
608 0.978423 21221
1758 0.914151 20888
14146 0.0210578 7949
12843 0.654012 25620
748 0.826044 4536
20783 0.550401 32226
15185 0.214789 9853
25629 0.34254 15748
19923 0.102512 32257
24766 0.150884 14955
23318 0.998749 25411
21025 0.621204 31001
22549 0.289804 18584
9515 0.548235 23342
8075 0.546678 16142
31196 0.66982 25072
20426 0.445753 26173
24429 0.988922 6705
20626 0.909818 19375
30093 0.505539 16036
14736 0.88934 30814
5994 0.251961 6652
23936 0.94113 20482
1355 0.641346 1131
18230 0.544481 14625
2011 0.996033 4186
19690 0.0503555 5662
21634 0.332438 10353
21416 0.410535 14008
7262 0.678518 5454
16303 0.507645 26303
14256 0.00451674 11124
12317 0.128574 27109
24028 0.89114 21080
21318 0.514481 24050
24155 0.957091 15264
11903 0.112186 29643
26909 0.454787 3561
28489 0.761376 1282
13653 0.936125 2220
5402 0.21128 3831
19369 0.118351 20259
19008 0.690298 23971
30003 0.669729 9781
26504 0.378185 32685
25313 0.204413 5589
12722 0.181219 19037
6410 0.960143 6234
12508 0.303995 3959
6493 0.0462355 25269
24937 0.881039 58
14700 0.426374 26264
15117 0.494858 24555
7815 0.559404 3039
30212 0.893826 28082
1954 0.49089 20710
24484 0.756066 8380
29815 0.791986 6541
18115 0.0512406 17110
25898 0.704154 788
23977 0.553362 29956
28689 0.79693 10008
12941 0.481887 1723
21363 0.000854518 25184
24778 0.219733 5071
1885 0.670614 1071
11333 0.697867 26153
14295 0.981719 20825
9676 0.476974 28650
2598 0.100986 4693
4686 0.917997 10116
12249 0.813837 1528
26679 0.239998 29421
8405 0.269356 6816
7516 0.846156 28666
29087 0.844783 19964
1340 0.173528 6021
11662 0.449263 6064
29309 0.623035 17902
29873 0.522599 23941
32745 0.969329 28423
27531 0.146672 12268
9318 0.170965 31907
24307 0.716605 1012
21136 0.812708 24114
26809 0.124638 23556
12290 0.649831 29996
29152 0.0321665 25345
14708 0.00756859 7491
13712 0.15659 30114
16439 0.242866 24722
29704 0.213477 1052
25269 0.228248 18238
26423 0.852016 10866
17659 0.991791 28486
21196 0.227729 26633
12158 0.366894 1146
18392 0.39787 3925
10647 0.899014 6602
30807 0.125065 27830
29292 0.44557 7278
20799 0.560076 20448
13882 0.01648 28315
4575 0.267403 9567
22336 0.561449 31418
19897 0.788232 13851
26816 0.739464 4449
16925 0.0200812 229
24520 0.333872 29560
15147 0.767907 1655
20675 0.0241707 22361
31754 0.500443 23146
8714 0.822352 21188
19569 0.263619 27663
15075 0.748161 11521
475 0.476547 20528
13234 0.383618 905
9464 0.596851 28962
14161 0.931547 12549
17469 0.0100711 31923
28350 0.437422 22925
10910 0.602344 16336
18337 0.0390027 12393
7636 0.937346 28164
31591 0.608814 19135
2505 0.407025 10004
16337 0.0800501 28664
9970 0.781518 30568
19281 0.216224 9152
18373 0.874416 8194
9876 0.727134 28396
7572 0.19071 14640
29174 0.574328 943
32611 0.0592364 20289
8419 0.169836 3805
7585 0.494888 31450
1615 0.0796228 11064
9166 0.515549 16074
13509 0.924711 19695
9573 0.475753 13161
31172 0.548357 27358
26031 0.80166 19426
28510 0.318064 30774
8779 0.943327 23552
4182 0.774895 15495
5764 0.0266732 1364
14902 0.8623 4460
474 0.212775 26821
26122 0.779656 21577
9789 0.781426 30195
27594 0.242622 16343
754 0.0757164 1012
11672 0.715323 13428
5912 0.297922 5967
24408 0.134739 1908
17223 0.358867 26434
5204 0.899869 4319
958 0.181433 26806
8166 0.570696 11367
17692 0.664907 28532
30556 0.94528 3447
5021 0.55797 26222
29331 0.072512 28583
26948 0.388287 17982
22018 0.450942 9220
31111 0.982147 23856
19490 0.272378 4324
6486 0.600513 15969
11643 0.229926 15677
22668 0.948149 21991
32196 0.237526 16828
7727 0.898038 15871
10697 0.537492 18703
11027 0.348155 5545
9508 0.219275 30238
24237 0.807001 21313
22501 0.270089 25128
2111 0.721763 28149
11192 0.0443739 15869
681 0.838191 20267
17713 0.604053 18634
25472 0.640034 22830
24901 0.868007 5177
13877 0.786462 702
14364 0.0421461 16590
8823 0.0682699 8023
32179 0.506455 20169
2327 0.367504 31310
28182 0.337474 7926
9487 0.0509659 32528
5651 0.0689108 7213
9860 0.786859 21286
2742 0.262764 4472
7128 0.562578 5841
20718 0.106906 14867
24865 0.333811 1881
9257 0.694296 28614
18598 0.868496 2661
26063 0.999664 20807
20278 0.594775 19435
6365 0.978881 7586
1386 0.239051 8360
13330 0.794946 8928
29492 0.379437 23840
6766 0.0529496 19810
11599 0.361248 21892
31982 0.22364 29352
11369 0.95352 21794
6608 0.282357 11647
17432 0.290994 7208
3264 0.106723 23243
27649 0.671865 26841
189 0.491348 19812
30648 0.290628 19851
24474 0.873836 29891
27200 0.605914 9990
25697 0.150121 17780
22578 0.394635 32544
3340 0.411603 899
22525 0.258889 5538
7492 0.189001 28252
25011 0.0476089 15834
1840 0.961241 2785
18529 0.962554 18805
28791 0.408704 13210
13549 0.658528 26979
30971 0.28312 73
20193 0.04944 21497
13826 0.954497 19790
6582 0.41438 11159
20418 0.808405 159
3449 0.394421 9072
10380 0.824244 27967
10208 0.197668 18503
15370 0.995117 14196
12074 0.418775 12611
19019 0.877743 11056
12890 0.951048 16683
13716 0.608295 25452
2741 0.151189 6813
2862 0.31727 15460
20615 0.332774 2599
20136 0.142827 9198
27032 0.43907 32584
7240 0.107334 17006
8670 0.00735496 18882
25249 0.107517 31758
12105 0.903989 17095
7296 0.302622 15678
10178 0.414411 25058
27577 0.389111 14007
23729 0.734916 2995
2678 0.753075 27753
20899 0.35963 15565
3093 0.415296 6172
11243 0.913388 7514
10168 0.154271 11191
5973 0.272286 6748
5651 0.335276 2144
16446 0.963683 26517
14629 0.912992 5874
15791 0.472091 22912
8146 0.936705 9091
9815 0.822443 26857
20640 0.795068 236
8551 0.289529 31226
28162 0.517441 23183
8394 0.921049 16097
3065 0.825983 2513
9261 0.383862 21078
16878 0.431532 4611
31947 0.0746178 170
29975 0.411664 24750
6149 0.101718 13865
22214 0.527421 27007
27432 0.271493 16367
28522 0.148991 31810
17641 0.220679 2187
6705 0.197729 6321
6538 0.956786 19447
24208 0.294382 22276
25759 0.921323 30422
27666 0.25898 3455
2028 0.903775 4860
29253 0.359416 31348
12503 0.331462 22431
29082 0.380108 14197
22106 0.267098 15821
17296 0.802057 26021
24455 0.486679 27124
18318 0.278787 11376
1774 0.911252 24998
12074 0.282388 6922
10635 0.0501419 28888
8153 0.403821 4747
28680 0.608112 25678
6450 0.451704 24961
14199 0.636464 26363
5716 0.322672 31561
23245 0.197546 28274
1550 0.743217 1181
4287 0.0823695 18110
18643 0.533006 7172
2529 0.304605 2112
13476 0.133702 8247
26890 0.508774 8805
32372 0.916532 3989
9320 0.706961 15431
9658 0.344646 17206
26578 0.517228 2206
27171 0.554399 3396
16697 0.946684 23694
15529 0.451308 30109
17984 0.365276 28978
21617 0.122532 16626
3684 0.279794 17906
25928 0.369182 28118
24390 0.463851 11785
14486 0.585925 12420
20710 0.557604 15813
27415 0.185705 318
3580 0.0406201 7267
8387 0.410291 23186
14507 0.133061 17827
28074 0.806635 7152
30271 0.313364 4693
19885 0.0102847 31311
17604 0.386883 406
7768 0.885708 19413
5000 0.016541 17537
30038 0.65273 7355
13289 0.965819 3181
13093 0.506119 10987
10761 0.625416 8217
9501 0.533525 29447
15665 0.328166 22104
15084 0.582751 13525
30221 0.120975 21781
4872 0.247383 3656
3343 0.689505 27080
16080 0.453749 21411
13713 0.639912 3251
27216 0.368633 28768
17040 0.962279 12933
23779 0.630604 12259
26653 0.852565 2095
24365 0.362377 7720
26835 0.783715 8976
18455 0.174718 4071
24808 0.4138 9156
5602 0.544206 7905
10440 0.225074 21562
22885 0.670247 21080
1836 0.329508 31202
10508 0.307627 5340
12076 0.276437 31493
7740 0.260811 20474
24773 0.582812 8880
23335 0.337901 23400
707 0.700552 20666
4141 0.719871 12481
17168 0.864132 19396
16225 0.0307932 22012
18136 0.34959 18762
25043 0.0226447 21
17922 0.74807 9248
26018 0.835231 23717
9714 0.538652 13290
3335 0.389386 3169
21895 0.16184 22640
21979 0.738517 29105
24791 0.569506 8681
3652 0.267129 24033
32029 0.487899 7042
26253 0.612903 11420
15814 0.998505 12244
31063 0.220618 20652
18864 0.145543 30470
15005 0.642323 1594
21487 0.742393 3276
21323 0.199591 7679
23990 0.994537 24710
29271 0.547655 29221
28470 0.615955 23589
23955 0.151921 24779
5006 0.404736 20135
23487 0.829981 29033
2088 0.394757 19779
15993 0.451369 24962
18965 0.335734 19105
11807 0.749748 2669
3134 0.99707 1457
12998 0.108188 13597
14218 0.269723 14844
7372 0.26133 21028
29264 0.878964 14723
13490 0.232063 31601
24227 0.341716 23692
19771 0.621448 29301
22363 0.235633 3565
17421 0.715506 18610
495 0.51091 15022
31812 0.889645 23015
8055 0.103549 8738
15279 0.606769 1608
12654 0.116642 32707
24245 0.0408338 144
22290 0.95642 23154
24604 0.141087 22225
20078 0.662984 31981
2330 0.907407 28223
20594 0.889004 18846
4987 0.898618 18805
8616 0.175481 20489
27338 0.670278 28135
14697 0.982971 21630
23224 0.0582293 26737
24474 0.974151 27372
10293 0.117649 6734
9561 0.947783 27606
8184 0.215918 28382
14119 0.205725 30432
24684 0.389996 12279
18283 0.630726 30836
24125 0.736045 12737
18028 0.980224 20577
10737 0.430036 20556
22795 0.490127 21901
8793 0.10474 2136
4580 0.453963 5907
21184 0.856777 8719
26790 0.624897 30041
3351 0.254189 16290
22974 0.704123 3591
12189 0.481796 31490
3239 0.454512 3053
17063 0.325968 25903
27005 0.737815 18479
1695 0.187353 32468
13998 0.643422 23639
29515 0.842952 29993
15826 0.479812 23838
24828 0.383953 24399
8978 0.362896 1023
26943 0.757897 14243
7349 0.082461 8707
20502 0.767266 10687
8346 0.48497 24637
18413 0.347911 22816
31690 0.401685 8935
29126 0.592364 19877
11382 0.801416 27189
26705 0.423414 2663
20722 0.982543 22566
16360 0.184271 18588
7811 0.861995 9467
32425 0.819941 13189
10542 0.398663 21547
30502 0.903867 9099
25023 0.525712 31203
30048 0.642445 1570
8636 0.288644 25967
8456 0.287027 11531
29962 0.818476 7975
10556 0.229835 31495
8044 0.933592 26803
3388 0.577258 7450
12319 0.191412 25791
29383 0.309244 1775
24642 0.719291 18300
17954 0.368603 3585
2257 0.773125 893
10490 0.308329 4750
17233 0.327219 24271
19611 0.579547 30338
21641 0.709799 19047
2352 0.294748 479
25302 0.997436 18990
10002 0.475112 4422
16895 0.187231 18008
12361 0.510941 22194
23699 0.707663 20178
4042 0.956969 23941
1847 0.227943 16345
4380 0.973937 14964
25710 0.612232 25385
20073 0.839381 9462
32703 0.857631 11069
5154 0.1077 31552
32074 0.584399 3730
2244 0.330943 13049
14118 0.734428 26363
19552 0.878109 18470
29731 0.205908 7511
5869 0.439406 10498
7103 0.834742 25679
28053 0.398053 14522
31088 0.0477004 25834
9850 0.519486 7240
21911 0.289682 5651
28580 0.472335 27616
29876 0.585284 5220
14615 0.682028 26798
32179 0.965453 16857
2883 0.0507218 18902
28262 0.592669 19770
19022 0.282998 25841
12686 0.881619 3917
31717 0.057741 13698
11267 0.358562 65
10389 0.211554 25619
16081 0.0611286 29130
13028 0.56859 14589
23152 0.56856 19172
19864 0.195532 12295
25428 0.90582 18490
26610 0.798883 31071
25236 0.197119 20643
16840 0.843318 27037
23893 0.690634 20274
12993 0.878384 32203
17461 0.252998 19662
22307 0.640797 31151
18423 0.27131 16717
6640 0.875973 5566
4883 0.722098 22659
18245 0.62215 32651
32765 0.598193 16840
17209 0.0456862 27283
29250 0.551103 8421
175 0.933287 26787
3271 0.130833 27999
12504 0.762322 2138
10700 0.0161748 2461
12118 0.00625629 7540
18828 0.746452 11622
14398 0.11475 27098
12935 0.319865 30614
19567 0.564379 28596
19161 0.236396 10538
7670 0.626789 21476
21555 0.76043 16371
16760 0.175542 13758
15433 0.984375 29065
726 0.0732749 3034
12759 0.317179 30548
27273 0.573504 16193
12933 0.919736 17103
3690 0.860958 13694
24668 0.995727 7498
989 0.465346 3879
11647 0.340251 30931
669 0.942259 25598
25449 0.776269 24599
20123 0.0440382 1731
18154 0.697684 4434
9385 0.731437 10816
11393 0.509781 29866
30953 0.924955 28223
18684 0.939726 22667
10048 0.990905 13930
30811 0.604694 16090
5427 0.724601 1604
10599 0.502762 7195
506 0.157414 17589
9858 0.848689 17889
11447 0.00122074 3818
9364 0.54857 26
25089 0.0763878 30066
26412 0.208747 12570
14676 0.775018 28641
29986 0.538682 21109
8187 0.612903 21085
23390 0.953703 18686
4755 0.347331 28128
25502 0.740898 30862
26424 0.108798 3872
832 0.942564 14428
6646 0.637501 6478
10883 0.760674 21265
31260 0.153966 20778
5821 0.422834 2520
12927 0.756035 25134
27251 0.692007 13336
16334 0.640919 2737
9310 0.182318 7590
20356 0.0326853 32080
10935 0.981017 17282
1825 0.571245 13573
4712 0.39787 4998
9905 0.218574 1717
8692 0.596301 28047
10946 0.582995 30231
24115 0.025605 25858
20829 0.0807215 3394
17199 0.599536 14272
675 0.667196 32072
13773 0.0756859 11238
26897 0.108097 29608
19203 0.710379 6125
20134 0.0427564 9078
18382 0.615528 20736
27478 0.547472 21138
18721 0.959075 10663
1677 0.658437 6724
25981 0.845363 7961
28862 0.488357 18448
25095 0.0208747 24016
15137 0.290139 13993
21284 0.0898465 30259
821 0.2154 24643
17668 0.325846 119
29857 0.703177 8891
25264 0.0495315 6915
8072 0.547166 841
4715 0.537584 12536
14957 0.847163 700
13452 0.155431 24241
11829 0.379894 5227
11798 0.495132 10324
12274 0.553392 22885
15038 0.37141 6862
32629 0.155156 11909
14878 0.21128 27085
29400 0.702658 14193
23105 0.28724 15765
5767 0.470199 10677
13784 0.021485 14790
9834 0.332377 621
18085 0.8464 25190
20542 0.549272 22086
32018 0.47673 30424
22597 0.652364 24254
29669 0.552629 12927
12493 0.795556 6366
9102 0.0744041 12600
10819 0.436964 2290
14984 0.498642 2556
25808 0.141362 21478
26814 0.420759 7239
28074 0.763573 10827
2554 0.0606708 7441
16798 0.416333 19002
16321 0.918729 13946
7056 0.564867 29833
17708 0.603076 6533
20686 0.451796 26385
10142 0.57503 17260
22161 0.964995 4343
9578 0.0362255 113
13063 0.14011 5934
20415 0.0200201 29761
25012 0.867061 11959
16251 0.571856 13370
26124 0.168065 8007
17584 0.334208 23101
14489 0.761681 15441
1790 0.519211 30412
14855 0.64272 7093
8472 0.775231 32676
13543 0.225013 6266
27651 0.46617 21528
532 0.32841 5469
32503 0.99884 17107
27892 0.0748009 17953
28392 0.688803 13519
19472 0.714347 22494
9505 0.867946 20383
14262 0.653371 28607
18038 0.133061 5471
11171 0.630329 29947
11514 0.44322 21229
489 0.206488 17887
29756 0.812769 7470
25739 0.630696 8522
7283 0.249031 17553
24705 0.826777 1259
25386 0.96704 4629
42 0.864193 22045
12356 0.408582 25452
3154 0.929777 11833
27760 0.821528 25631
6738 0.649037 25776
21098 0.742027 16320
13053 0.732658 16469
24216 0.296701 19842
29007 0.471908 26260
30947 0.420942 28630
18717 0.703238 31376
25314 0.507401 17117
1334 0.629292 14171
26792 0.273568 19154
18866 0.448408 30664
23775 0.396741 12212
21100 0.230445 25476
6379 0.333964 17877
3789 0.0110172 11385
8272 0.348949 15144
29561 0.780145 14504
12946 0.729026 20308
12157 0.0436415 5123
6464 0.124332 4346
13837 0.0604572 25318
26611 0.497208 17591
3832 0.827754 6461
16991 0.960143 27330
28498 0.530076 17291
8400 0.432722 24117
2317 0.607746 1595
1441 0.181158 21867
7028 0.959899 27909
13973 0.548753 11503
26569 0.208014 1883
25367 0.164342 28402
5230 0.523606 28681
15567 0.253609 1866
3687 0.401959 3477
31245 0.999908 6238
27671 0.0624714 26115
4592 0.833491 32657
1405 0.00161748 7171
20580 0.693991 22530
13675 0.74221 25790
13377 0.335643 16586
21604 0.136998 19631
29744 0.255989 26610
18718 0.821528 18259
5927 0.445845 28119
21479 0.693258 6300
21396 0.514328 11458
20830 0.750542 30806
29849 0.453322 24272
26160 0.375195 12054
26333 0.0044557 4229
10471 0.318247 10559
22241 0.897885 22688
16366 0.367229 26685
2270 0.773003 32261
22860 0.0673849 8982
22162 0.992035 6878
11979 0.0578936 7887
6538 0.441572 30783
17540 0.695669 7266
18633 0.412275 24557
2317 0.797571 32053
18135 0.374096 2593
17843 0.662038 16466
22951 0.553606 11094
12937 0.157903 2512
6097 0.291482 2695
21817 0.716941 21292
20237 0.840175 613
25296 0.662557 32389
5628 0.177282 28786
31744 0.574969 8182
28569 0.186773 27393
6292 0.456618 14214
12527 0.81811 13194
8705 0.449019 7011
18913 0.20426 19664
26203 0.884884 17762
14381 0.822352 29909
1048 0.664327 26624
22511 0.242744 4235
1127 0.446577 28240
1862 0.461654 27577
23817 0.0714133 10142
15100 0.866726 6558
21476 0.0962554 10935
16430 0.177953 21295
3537 0.476791 17922
2927 0.855403 30211
16211 0.358715 26880
12253 0.100497 21321
20785 0.809595 10443
31000 0.322123 24671
9270 0.227424 9375
14631 0.416272 8934
18040 0.243721 28834
14248 0.046968 28765
12796 0.314707 7262
25052 0.937864 23987
24464 0.993591 14248
29556 0.615558 5450
27182 0.222816 13293
24099 0.712058 19044
32331 0.00228889 31004
19050 0.458571 14066
11738 0.604297 19623
13843 0.0134587 3380
19695 0.241646 3659
1363 0.385388 6329
1088 0.880581 8613
24979 0.566698 666
7679 0.841609 27837
3402 0.705435 23292
1723 0.0876492 29448
30323 0.340373 15948
24395 0.768975 4508
22908 0.531358 13993
7665 0.817316 3202
17610 0.757714 27256
27705 0.273598 18023
20769 0.357524 20253
31805 0.7228 29478
32145 0.666524 833
19285 0.820948 10968
23994 0.507614 13885
348 0.557909 18032
16256 0.912809 10872
8982 0.729423 12306
10635 0.545061 32471
29527 0.217811 8343
9768 0.861629 3995
29171 0.232032 28942
18011 0.240455 31034
14512 0.750542 530
14161 0.709067 10258
21926 0.180242 5191
14443 0.188849 30227
32719 0.808252 5224
19093 0.928831 13224
28094 0.109317 8867
8627 0.67156 11146
32686 0.506272 20540
18237 0.697348 18759
9578 0.883694 32677
2403 0.8558 6300
15811 0.159459 21143
21595 0.641377 26615
28804 0.641072 28368
31641 0.925779 698
1325 0.864071 28023
22312 0.751305 18457
18396 0.254494 21086
32094 0.239448 27043
31522 0.394024 16280
23455 0.804407 26847
28870 0.0302133 3873
4327 0.10416 3454
31896 0.380627 24450
17241 0.141636 5646
23525 0.861019 16824
17929 0.265358 25403
12594 0.243934 26067
22187 0.141606 25079
10041 0.553148 12534
4860 0.701926 4907
32621 0.845119 25293
5117 0.235511 20403
3943 0.546068 10639
29011 0.821711 24028
19978 0.328013 2850
22892 0.807031 10654
23623 0.743217 12036
31547 0.651448 826
16061 0.119144 10238
17571 0.820521 16405
5299 0.673116 11728
1267 0.114475 2019
19991 0.554399 5717
25846 0.521653 3187
1421 0.69924 6867
28299 0.990143 29897
1201 0.101566 24942
7104 0.0539567 29768
26641 0.49733 11262
10720 0.648335 27918
9625 0.647572 17584
18174 0.335215 10459
13149 0.519242 5695
12503 0.153569 13851
1537 0.818323 8363
4651 0.0372021 24290
25917 0.661733 31918
26584 0.83169 3586
31269 0.80105 12137
2397 0.0129398 23168
20027 0.859035 31993
10382 0.893307 27669
893 0.637135 1014
19104 0.014771 2943
11495 0.818232 1293
28892 0.207465 1990
11299 0.454421 8493
29074 0.0472732 13774
9314 0.61565 24069
29218 0.81988 16833
15238 0.607654 13252
6463 0.198614 25149
23088 0.373699 6231
31920 0.30842 19271
12368 0.195959 15258
4157 0.294412 4982
18238 0.736167 17723
906 0.570879 10189
11156 0.926084 12351
6923 0.217231 31550
2097 0.361217 10591
13406 0.137638 25813
14651 0.789819 27844
24743 0.236244 11245
14578 0.151036 21705
24514 0.603809 9227
8624 0.52504 28356
23917 0.190039 555
10102 0.435987 19468
11698 0.274026 21411
12489 0.328318 13490
30775 0.867031 17132
27089 0.833033 11950
23112 0.614093 12529
7672 0.788476 18277
5553 0.426527 10670
9085 0.99649 1751
30397 0.602771 29001
435 0.509445 15072
17916 0.204962 25328
1511 0.980407 11838
27296 0.57799 11544
1056 0.39143 12902
26758 0.750389 12021
22586 0.430555 29777
12628 0.670766 26947
12549 0.0390637 13245
25128 0.429151 10426
4719 0.325846 29091
4047 0.420698 23231
7406 0.265023 21954
16769 0.448897 27956
22421 0.486618 13465
16016 0.667135 16497
18335 0.158391 5677
28049 0.641041 7886
23388 0.569933 13143
17377 0.309153 28487
26555 0.686117 25253
15000 0.847011 289
32488 0.769524 12008
31310 0.0286874 27799
2997 0.296243 8454
304 0.251381 10485
12499 0.939726 29613
32612 0.570147 12983
15351 0.492233 17137
5033 0.506607 31864
23683 0.361858 8968
1710 0.670431 31708
2641 0.846339 12437
11684 0.991821 32701
29869 0.872311 29256
19692 0.233161 12087
15012 0.421461 5820
14835 0.0507523 10615
25897 0.569994 2774
10134 0.840877 19533
28878 0.0697653 25624
2734 0.551622 15349
30712 0.823511 30624
27792 0.198492 28822
4055 0.577197 462
24473 0.612934 24160
31122 0.795099 19397
11822 0.602741 21337
13917 0.122257 4931
22197 0.839412 29236
10357 0.201392 28290
1898 0.0300607 21447
1084 0.018067 18725
8996 0.91113 24828
15338 0.529252 14428
29795 0.9382 30037
5506 0.206519 5053
9793 0.86993 24146
3609 0.42494 19854
29465 0.373516 26206
24209 0.472793 16499
18175 0.947172 23061
13647 0.476638 25013
26727 0.479507 27896
21909 0.849666 20130
9090 0.275704 7915
6286 0.107517 20666
1344 0.999054 22037
5416 0.179846 1949
30971 0.330943 22777
19285 0.799585 14590
10285 0.864437 17118
25668 0.305368 9729
24008 0.44377 225
15536 0.365612 716
30470 0.469497 28747
20328 0.852565 6204
10700 0.229591 26364
1411 0.489517 250
11504 0.716666 21766
16141 0.0814844 10845
10506 0.277352 23256
25107 0.252266 5857
22678 0.433332 12674
14155 0.768792 8990
29832 0.94174 10996
8917 0.863369 3967
1707 0.251289 28246
11462 0.59212 8239
3426 0.582751 30906
8314 0.315867 4586
5279 0.542497 25822
6879 0.985778 15812
5676 0.0965606 7357
32570 0.184271 24312
10144 0.505417 28180
18200 0.935179 21856
18061 0.0807825 5939
19808 0.283517 17452
979 0.995453 21419
24007 0.680074 24547
29977 0.478378 18613
18709 0.408063 28642
16339 0.193365 32621
21501 0.794519 18129
21358 0.0438246 28469
22897 0.8699 4798
4202 0.70513 1238
15032 0.612354 12516
14481 0.475448 9023
1727 0.0540483 31313
10382 0.187384 24816
28488 0.467513 5589
5513 0.557237 20851
32271 0.710562 4364
27038 0.0919218 3184
21759 0.717215 9574
28733 0.154393 27714
27649 0.20127 28522
24541 0.623066 15377
1052 0.017243 19891
138 0.406201 20967
15055 0.420759 27224
18222 0.501694 27441
6648 0.818018 27834
19368 0.959532 8872
32668 0.609577 19176
5137 0.629688 3241
5745 0.549883 31015
22974 0.587542 846
8956 0.778954 6966
15581 0.248543 32240
29334 0.466811 11876
25027 0.0367748 2018
4291 0.965636 13465
16191 0.685781 6259
23700 0.616993 2016
1943 0.446303 17064
31505 0.0353099 31502
7666 0.283059 32046
17632 0.909116 6046
2145 0.183203 13152
31901 0.254097 29153
21184 0.599658 30350
10405 0.743004 1025
28970 0.437513 4795
9793 0.345561 5532
28856 0.485122 3210
17776 0.173711 14550
15290 0.421003 13852
17350 0.253761 10036
29361 0.11475 9984
8729 0.0773339 6050
28082 0.512894 1936
25584 0.329295 21617
29182 0.581866 23116
6388 0.287637 13101
5610 0.196844 19982
28621 0.158483 27038
16754 0.140172 14895
20280 0.172063 25167
17420 0.132603 16883
23865 0.753685 30833
10390 0.690695 20189
17839 0.615955 13817
22129 0.206091 10679
18613 0.323496 8252
15145 0.606128 2151
28318 0.883908 7813
14907 0.901944 31476
617 0.342143 25429
2264 0.487259 19531
29942 0.326487 19522
31155 0.841914 15257
23158 0.136235 13762
8510 0.944426 31065
8380 0.401776 5946
13540 0.833064 8042
14464 0.707846 12584
10270 0.998413 32200
1206 0.979827 31302
24696 0.26957 7611
19067 0.0126652 6645
30175 0.193915 23448
24919 0.399152 27988
26321 0.231697 31597
22197 0.412275 8652
71 0.0200812 14122
26859 0.244057 10999
1899 0.125736 1320
32036 0.518326 4912
1915 0.73101 19485
20741 0.311258 11567
4208 0.208869 30169
29681 0.1489 21108
17207 0.160497 25706
23849 0.734733 28026
20124 0.842524 17774
2884 0.614277 24546
3145 0.62505 11714
20149 0.737571 13338
20307 0.817682 23504
1105 0.0517899 18217
15955 0.507859 2343
26133 0.979553 679
20736 0.596789 25633
1954 0.0283822 10252
19904 0.618885 12488
24870 0.969085 26072
32176 0.814875 15415
18086 0.129124 17480
19975 0.92349 20514
8938 0.508347 14990
19438 0.884457 15447
5242 0.751305 16070
25631 0.734306 27219
28781 0.640584 12833
8672 0.0477004 21302
502 0.821802 30721
24898 0.959716 10945
28406 0.0678121 8686
5794 0.719535 12844
18683 0.657582 13240
485 0.502457 31723
20337 0.508225 27168
28130 0.46556 1466
4858 0.687033 29656
3318 0.402875 142
21276 0.961516 32702
10684 0.45848 30270
26312 0.251778 13475
20311 0.819422 19195
5488 0.351573 26101
20183 0.756798 27892
18848 0.207038 30245
12187 0.441359 28343
18258 0.514512 8871
14016 0.249397 22832
24441 0.539659 16088
22015 0.426527 18516
18298 0.00119022 31283
3205 0.610279 29146
5769 0.722526 917
9387 0.458388 6030
17442 0.66332 32389
20373 0.106204 12073
10777 0.0239875 8381
31785 0.0159307 18345
20979 0.49089 15713
30935 0.602283 30883
2186 0.491226 20648
2085 0.450209 521
9260 0.670858 6636
7688 0.607898 17236
26792 0.825983 19278
4198 0.961211 26386
21011 0.334971 7547
12121 0.70809 7245
6702 0.871731 31539
2572 0.0688803 2370
21920 0.966033 19359
11080 0.222724 23391
23960 0.93112 29591
25867 0.672414 1675
12136 0.930784 17775
25790 0.438734 31256
20272 0.631825 5086
20967 0.290384 23542
23495 0.108829 18456
14186 0.257485 19198
12626 0.560442 1085
31665 0.577044 20340
1360 0.0858791 21154
18012 0.602802 3338
8706 0.382244 30630
29249 0.707389 3079
8313 0.880093 32517
8421 0.431684 5991
1969 0.666494 24308
16565 0.725181 19473
23681 0.670492 23147
27053 0.693014 6508
16715 0.135166 31066
27689 0.447493 11771
5541 0.4962 18631
23572 0.0767235 10966
25988 0.554521 28168
22199 0.0199896 3850
13444 0.394787 16278
19406 0.898068 10313
7523 0.987915 23327
17073 0.715995 2173
9934 0.949187 25587
31417 0.960204 6153
26126 0.628529 1495
29213 0.0734275 27370
23859 0.711234 22496
24833 0.73925 4852
17879 0.931394 6126
7793 0.963927 21465
31371 0.471328 17107
17271 0.735099 28099
16519 0.262337 5715
17552 0.686422 14753
8257 0.842006 24959
13357 0.332224 7809
5865 0.783898 32019
259 0.68096 2435
1028 0.125156 10468
22869 0.0139164 6731
7578 0.79574 11395
30843 0.954436 13316
15024 0.93115 18585
5722 0.273782 10057
14095 0.249458 5038
2183 0.813562 17295
25722 0.518296 6231
29503 0.0681173 24300
15590 0.655538 17408
15505 0.998016 22858
9818 0.322184 15561
24120 0.153447 23656
25713 0.101688 23092
17182 0.807733 11320
7358 0.643147 3987
9094 0.152074 21364
27264 0.601642 26746
24390 0.318155 26255
13163 0.960326 5792
14231 0.690298 2880
4718 0.492203 19948
4720 0.277078 32091
3766 0.841914 5808
12126 0.452437 31159
17518 0.0982696 10035
31314 0.776879 24147
29156 0.919645 3360
751 0.494644 31478
22294 0.384198 17524
7976 0.295846 4090
20189 0.89639 7419
30301 0.662313 24844
20523 0.809931 20609
11827 0.202551 8186
27416 0.0557573 15169
17623 0.454695 22514
10415 0.111209 5436
23669 0.316721 31676
17858 0.242683 9846
27137 0.180517 22988
24616 0.222419 2382
28074 0.620533 3915
11056 0.782983 30062
9616 0.748436 12129
27442 0.0605487 4872
7049 0.714011 18026
8582 0.31135 18775
5416 0.93585 14552
18759 0.389264 11417
22844 0.108463 19443
6824 0.976562 28422
121 0.480148 31413
19917 0.481979 21873
12060 0.951415 9074
5985 0.991882 31622
13208 0.836055 11026
26720 0.802362 31988
10929 0.276864 30977
10193 0.000244148 12254
922 0.942289 15137
30816 0.421247 21090
7912 0.375042 17253
29979 0.222755 12322
22902 0.842372 6369
30654 0.38847 9734
12438 0.374584 5226
16463 0.858608 22972
24348 0.502121 9503
2307 0.778771 18333
27437 0.631581 13179
661 0.70632 17659
10961 0.668569 6576
13472 0.630055 3592
22972 0.0191656 24196
6811 0.474105 15835
1229 0.113407 23532
24956 0.493118 29749
24620 0.710959 19724
13120 0.748497 16406
8983 0.105136 30574
21691 0.811426 30538
20664 0.552507 20877
20353 0.0897855 17004
30623 0.453261 15625
17611 0.849696 8724
31149 0.61449 13590
10146 0.22364 23855
27804 0.968688 16909
19381 0.389996 29102
10083 0.0211188 10532
17312 0.796503 6161
11047 0.683767 15290
17569 0.914304 32628
22139 0.647847 27580
32471 0.664632 27440
18456 0.675924 29444
24745 0.492111 7210
4698 0.781762 31180
24815 0.185064 16226
29472 0.838618 19593
32482 0.0917081 18536
15333 0.338908 27587
30732 0.477248 31165
1064 0.443068 8399
5032 0.534318 13896
13438 0.731773 22638
8245 0.123875 24169
744 0.835047 24769
11049 0.80929 16467
10558 0.980956 23061
25603 0.280465 22186
1226 0.109958 17004
21300 0.969512 423
31347 0.164678 4566
25230 0.661184 26152
32000 0.110385 29173
30786 0.325571 31597
31579 0.800317 17728
26260 0.371044 23425
23267 0.589373 734
452 0.15775 29562
1570 0.250587 29235
6890 0.0522172 2064
4750 0.883816 7545
14767 0.6639 30787
8217 0.749687 29942
2088 0.313517 2815
27579 0.941099 9388
19269 0.362743 13830
10809 0.141606 7321
18319 0.911924 31626
13020 0.0430616 20454
25893 0.670919 2357
22999 0.92581 18829
5950 0.654836 32405
10365 0.0712302 30049
19094 0.872585 31270
30119 0.702445 29313
15253 0.491867 4977
19160 0.656301 153
24591 0.200262 3576
4854 0.612568 11134
23016 0.764489 9193
21945 0.0565203 20747
32521 0.24601 6344
20259 0.865688 2885
14439 0.0829493 9107
5268 0.108463 32050
7432 0.421125 32020
16735 0.949065 2792
3916 0.799036 19029
25316 0.0933561 13758
4583 0.683584 1135
8357 0.612507 15271
22342 0.542619 13877
30406 0.863521 17686
2403 0.251839 15718
23035 0.222327 28428
16678 0.792261 101
20949 0.0721458 26385
27626 0.523606 2737
4841 0.57796 11593
17096 0.947081 4493
29768 0.850642 29935
19109 0.918485 20381
21561 0.785516 5584
25923 0.869747 16731
11849 0.776452 8606
6850 0.863277 26040
22769 0.281472 1588
16467 0.368755 3400
11158 0.476272 16938
19463 0.638447 18366
15758 0.600757 9023
20229 0.588946 29356
5470 0.707266 24196
1683 0.304819 7619
2946 0.982391 8275
2469 0.778802 14341
26197 0.260781 1654
7158 0.429029 5794
23791 0.407147 24837
28900 0.403821 12675
19736 0.532182 9958
30580 0.826594 15013
5284 0.160314 20727
30285 0.0740379 19670
14536 0.100131 23370
6549 0.041139 9077
26199 0.513779 3573
28137 0.25486 28731
27617 0.159703 30571
27376 0.779107 17731
11044 0.620808 16467
30000 0.229743 30916
12634 0.152562 17757
29240 0.0177313 13623
15941 0.217627 15749
31539 0.283792 25575
4099 0.438337 13245
14726 0.00613422 6424
24083 0.225501 20735
22024 0.576647 28745
6170 0.350444 28717
28392 0.877468 11324
19773 0.846583 18255
4468 0.673544 16843
10030 0.48085 10765
3114 0.0909452 1458
12358 0.247932 6008
25311 0.203467 21717
15928 0.536821 31099
4580 0.423292 2990
25412 0.427259 18064
28275 0.612934 19682
17911 0.613605 9868
8644 0.727134 16436
17366 0.353771 24988
18838 0.484176 27212
23947 0.227241 19659
1052 0.176122 21256
11110 0.978332 10666
26250 0.38667 13145
3925 0.950591 5874
25774 0.214942 9429
5536 0.206397 20016
21858 0.73043 7301
2061 0.996582 3815
21174 0.933317 10139
12082 0.427992 20900
1575 0.590136 15376
11300 0.592792 15864
20537 0.0822474 18525
18629 0.697378 29788
30794 0.96878 21706
10075 0.490463 6490
31884 0.452254 19979
27195 0.157414 16807
845 0.469192 17438
21156 0.452284 30432
9766 0.830775 22957
553 0.801752 6955
9389 0.843074 8029
3128 0.0622272 1527
20394 0.259102 29648
28054 0.168371 24192
32530 0.385083 3148
24056 0.701621 2282
29743 0.806879 21301
21493 0.0588092 269
30393 0.641896 8431
3592 0.0346385 19026
5842 0.582293 18616
4961 0.8764 15907
5920 0.404218 22166
30121 0.847865 2782
27006 0.198096 31870
14615 0.677358 13143
11763 0.450789 23592
14935 0.586474 25412
5881 0.410993 26721
16952 0.528642 1828
18230 0.0130924 21424
17699 0.431928 22151
31794 0.153844 15264
8383 0.266121 30144
30388 0.429609 18213
5202 0.264229 4202
23753 0.679006 5058
16575 0.246895 24638
6823 0.958129 24701
17205 0.352733 3123
24287 0.0317698 14026
2530 0.189489 14820
935 0.214942 12531
25674 0.119083 8100
23071 0.572985 15009
6430 0.695639 28622
11736 0.210273 5015
2452 0.816492 9782
17933 0.7687 17855
11960 0.547655 9923
30542 0.447371 30487
5943 0.468368 18584
21389 0.96646 21788
3198 0.374767 27479
32707 0.0553301 6860
15447 0.910855 7271
32182 0.37672 13142
16448 0.782373 12353
7549 0.423841 2823
11825 0.282327 6190
7639 0.977996 3362
5775 0.537858 14078
4985 0.308329 26781
377 0.804163 6048
20170 0.564409 20216
12729 0.907193 16038
29915 0.875027 18352
15862 0.195959 27667
11128 0.65508 14329
259 0.734947 5389
24986 0.653676 12735
2140 0.569659 13632
13485 0.482864 20003
5161 0.363048 26141
2150 0.867702 5872
32361 0.145573 32313
27165 0.782647 8120
1810 0.980499 25970
6621 0.109745 15004
8514 0.634754 23210
25269 0.596698 32235
471 0.498795 11830
6382 0.831965 26395
27151 0.630696 83
28710 0.816614 7372
2295 0.546464 30014
13452 0.619037 29905
25812 0.855159 6341
6575 0.680258 17525
6611 0.676504 26982
5783 0.713736 28793
28050 0.600574 18268
31274 0.942534 32629
20335 0.380261 24105
21511 0.762719 27824
27550 0.214118 8060
19801 0.938719 29309
2923 0.00204474 7300
27225 0.251961 19140
10048 0.966063 1807
14449 0.259133 18760
24382 0.147588 30219
30270 0.600574 1725
5519 0.146764 16701
6631 0.254036 25807
12725 0.680593 30283
3969 0.381115 21164
13963 0.736229 7534
27770 0.0870083 13997
23724 0.900632 20067
30265 0.636006 3379
24955 0.489151 1661
2432 0.556261 30160
16139 0.996918 22237
32048 0.758324 24404
7048 0.780206 28221
22133 0.402081 6241
32514 0.370708 17362
23954 0.905667 3454
21658 0.0525224 20784
10688 0.319407 16116
30856 0.921049 26429
24537 0.415937 18389
9843 0.213752 20101
29384 0.394299 31987
5136 0.886624 7582
1528 0.194281 1472
29193 0.822718 4179
28983 0.182714 10823
397 0.338633 16594
8901 0.538743 14520
30503 0.411145 20
1932 0.151158 10824
5033 0.917295 15665
2732 0.374767 25167
16966 0.78402 868
29926 0.696677 21479
14144 0.906491 9449
18833 0.366314 22910
3240 0.641713 15610
527 0.466384 26393
17187 0.239967 23961
2565 0.872799 19251
27318 0.368694 3558
28103 0.194037 15238
7178 0.532975 17457
6572 0.220374 16922
25756 0.331645 21260
9298 0.773431 5234
26841 0.733024 25352
14062 0.256691 16811
21793 0.531175 6881
3651 0.786157 17898
21271 0.483474 5694
5084 0.657216 16500
10955 0.950804 20323
650 0.204108 5939
4010 0.794 14932
14948 0.952483 3495
26419 0.447035 4189
10171 0.483749 3695
11223 0.110996 16649
15800 0.744865 28134
30884 0.524216 14812
20641 0.77224 4496
23162 0.382611 18551
25851 0.0833766 31565
18938 0.837581 21228
8194 0.443312 2178
15745 0.211432 4205
15149 0.465621 5312
9401 0.769036 24727
32692 0.68218 27795
26542 0.688711 27149
12376 0.435041 26742
16748 0.918699 22815
14047 0.337931 28965
4749 0.00418104 32169
14331 0.243233 26053
8768 0.856105 13178
11156 0.762383 12695
17586 0.425092 731
4278 0.54503 8752
5089 0.975311 20238
7054 0.853664 4208
25656 0.737663 18147
8503 0.595447 32174
28819 0.796747 12205
22599 0.0240486 13261
29045 0.74572 7492
5732 0.917875 4667
403 0.560533 18899
21054 0.310282 19212
26114 0.919492 5793
11977 0.9111 15012
6831 0.45439 23326
32647 0.344829 2489
29674 0.788476 6612
24387 0.36491 15503
19491 0.319895 2829
27027 0.407758 952
8496 0.172308 15183
15597 0.352611 25032
18102 0.181433 20476
28224 0.277139 22195
31623 0.843287 28343
22602 0.469039 3282
19989 0.440596 21599
35 0.0970183 19654
24652 0.714103 28350
30132 0.883358 5293
21871 0.0808435 22590
29204 0.981994 25705
5319 0.144963 30528
20228 0.174627 29668
8785 0.725547 19184
6651 0.576312 27037
10915 0.463546 11681
19074 0.419904 5850
4546 0.892972 6427
22233 0.287515 3161
27818 0.29133 21350
21263 0.502365 21846
23458 0.292795 27371
17945 0.412061 8246
20420 0.770714 7953
15760 0.109439 25419
28735 0.507096 20113
13335 0.872585 29018
9265 0.285958 22336
26525 0.388989 17644
19512 0.899747 2815
5105 0.785119 23201
773 0.772301 3080
31593 0.732139 4591
24214 0.0983612 5857
2700 0.575243 2322
13285 0.206366 2702
1268 0.652303 5152
23848 0.892209 28638
22762 0.861751 6272
1792 0.372326 26343
17519 0.228309 3370
8991 0.889462 19984
12714 0.826594 30079
24399 0.496902 14386
27119 0.080874 12193
30185 0.77871 28608
17888 0.289895 12425
26896 0.847468 25331
9814 0.351024 5970
19537 0.537065 31077
5398 0.209082 11888
14463 0.886654 3505
15741 0.649037 19662
29655 0.429731 9695
19618 0.820093 25094
19670 0.077456 7121
1445 0.44322 8243
12365 0.143986 17135
16937 0.140355 31499
13192 0.932463 19124
31 0.856533 26429
12722 0.902005 13818
21875 0.0516373 13910
18361 0.400769 19728
30522 0.340251 27277
31826 0.895657 1278
17777 0.681722 15175
18944 0.186926 139
19821 0.193487 3640
7966 0.887509 8148
17547 0.30369 12907
19551 0.0949126 6557
27077 0.397015 403
21576 0.321665 26023
22574 0.471633 369
11906 0.991394 24999
28048 0.730308 573
26658 0.787866 8884
